CLASSIFICATION REPORT - 3D CNN
================================================================================

              precision    recall  f1-score   support

          BA       0.89      0.68      0.77        84
         BHA       0.70      0.57      0.63        84
         CHA       0.52      0.79      0.62        84
        CHHA       0.71      0.71      0.71        84
          DA       0.80      0.54      0.64        84
         DAA       0.78      0.73      0.75        84
         DHA       0.85      0.63      0.73        84
        DHAA       0.39      0.77      0.52        84
       D_SHA       0.88      0.55      0.68        78
          GA       0.76      0.67      0.71        81
         GHA       0.83      0.51      0.63        84
         GYA       0.76      0.64      0.70        84
          HA       0.95      0.62      0.75        84
          JA       0.67      0.55      0.60        84
         JHA       0.66      0.63      0.65        84
          KA       0.59      0.72      0.65        81
         KHA       0.58      0.38      0.46        84
        KSHA       0.71      0.77      0.74        78
          LA       0.84      0.70      0.77        81
          MA       0.81      0.50      0.62        84
       M_SHA       0.59      0.69      0.64        84
          NA       0.84      0.77      0.80        81
         NAA       0.69      0.71      0.70        84
         NGA       0.85      0.48      0.61        84
          PA       0.65      0.70      0.67        81
         PHA       0.89      0.76      0.82        84
          RA       0.83      0.60      0.69        84
          TA       0.27      0.86      0.41        84
         TAA       0.72      0.68      0.70        84
         THA       0.54      0.71      0.62        84
        THAA       0.70      0.54      0.61        84
         TRA       0.57      0.68      0.62        84
       T_SHA       0.64      0.80      0.71        84
          WA       0.74      0.58      0.65        84
          YA       0.92      0.44      0.60        81
         YAN       0.44      0.64      0.52        84

    accuracy                           0.65      2994
   macro avg       0.71      0.65      0.66      2994
weighted avg       0.71      0.65      0.66      2994


Mean Average Precision (mAP): 0.7307
Mean AUC (ROC): 0.9685
