CLASSIFICATION REPORT - MOTION TRANSFORMER
================================================================================

              precision    recall  f1-score   support

          BA       0.96      0.92      0.94        84
         BHA       0.93      0.92      0.92        84
         CHA       0.93      0.96      0.95        84
        CHHA       0.95      0.99      0.97        84
          DA       0.97      0.90      0.94        84
         DAA       0.95      0.89      0.92        84
         DHA       0.98      1.00      0.99        84
        DHAA       0.92      0.94      0.93        84
       D_SHA       0.95      0.95      0.95        78
          GA       0.99      0.94      0.96        81
         GHA       0.95      0.99      0.97        84
         GYA       0.97      0.99      0.98        84
          HA       0.93      0.94      0.93        84
          JA       0.96      0.95      0.96        84
         JHA       0.95      0.92      0.93        84
          KA       0.94      0.91      0.93        81
         KHA       0.98      0.99      0.98        84
        KSHA       0.93      0.88      0.91        78
          LA       0.97      0.96      0.97        81
          MA       0.95      0.96      0.96        84
       M_SHA       0.93      0.94      0.93        84
          NA       0.95      0.95      0.95        81
         NAA       0.96      0.93      0.95        84
         NGA       0.94      0.94      0.94        84
          PA       0.93      0.95      0.94        81
         PHA       0.97      0.99      0.98        84
          RA       0.91      0.96      0.94        84
          TA       0.88      0.96      0.92        84
         TAA       0.91      0.92      0.91        84
         THA       0.94      0.89      0.91        84
        THAA       0.93      0.96      0.95        84
         TRA       0.87      0.89      0.88        84
       T_SHA       0.95      0.98      0.96        84
          WA       0.96      0.90      0.93        84
          YA       0.93      0.93      0.93        81
         YAN       0.93      0.92      0.92        84

    accuracy                           0.94      2994
   macro avg       0.94      0.94      0.94      2994
weighted avg       0.94      0.94      0.94      2994


Mean Average Precision (mAP): 0.9783
Mean AUC (ROC): 0.9978
