CLASSIFICATION REPORT - ViVit
================================================================================

              precision    recall  f1-score   support

          BA       0.85      0.76      0.81        84
         BHA       0.89      0.87      0.88        84
         CHA       0.99      0.94      0.96        84
        CHHA       0.94      1.00      0.97        84
          DA       0.98      0.94      0.96        84
         DAA       0.92      0.95      0.94        84
         DHA       0.96      0.96      0.96        84
        DHAA       0.94      0.89      0.91        84
       D_SHA       0.96      0.92      0.94        78
          GA       0.89      0.99      0.94        81
         GHA       0.96      0.98      0.97        84
         GYA       0.89      0.99      0.94        84
          HA       0.92      0.93      0.92        84
          JA       0.94      0.99      0.97        84
         JHA       0.99      0.98      0.98        84
          KA       0.96      0.98      0.97        81
         KHA       0.97      0.88      0.93        84
        KSHA       0.92      0.91      0.92        78
          LA       0.99      0.95      0.97        81
          MA       0.82      0.89      0.85        84
       M_SHA       0.96      0.92      0.94        84
          NA       0.96      0.93      0.94        81
         NAA       0.87      0.92      0.89        84
         NGA       1.00      0.93      0.96        84
          PA       0.98      0.98      0.98        81
         PHA       0.97      1.00      0.98        84
          RA       0.95      0.89      0.92        84
          TA       0.90      0.95      0.92        84
         TAA       0.97      0.80      0.88        84
         THA       0.94      0.94      0.94        84
        THAA       0.79      0.96      0.87        84
         TRA       0.88      0.93      0.90        84
       T_SHA       0.98      0.94      0.96        84
          WA       0.98      0.98      0.98        84
          YA       0.97      0.96      0.97        81
         YAN       0.98      0.95      0.96        84

    accuracy                           0.94      2994
   macro avg       0.94      0.94      0.94      2994
weighted avg       0.94      0.94      0.94      2994


Mean Average Precision (mAP): 0.9776
