CLASSIFICATION REPORT — Working3DCNN
================================================================================

              precision    recall  f1-score   support

          BA       0.80      0.61      0.69        84
         BHA       0.64      0.80      0.71        84
         CHA       0.68      0.87      0.76        84
        CHHA       0.89      0.85      0.87        84
          DA       0.86      0.83      0.85        84
         DAA       0.78      0.86      0.82        84
         DHA       0.82      0.89      0.86        84
        DHAA       0.79      0.71      0.75        84
       D_SHA       0.97      0.82      0.89        78
          GA       0.82      0.80      0.81        81
         GHA       0.88      0.76      0.82        84
         GYA       0.68      0.62      0.65        84
          HA       0.75      0.85      0.79        84
          JA       0.79      0.87      0.83        84
         JHA       0.86      0.73      0.79        84
          KA       0.78      0.77      0.78        81
         KHA       0.69      0.64      0.67        84
        KSHA       0.75      0.81      0.78        78
          LA       0.72      0.93      0.81        81
          MA       0.58      0.73      0.65        84
       M_SHA       0.97      0.74      0.84        84
          NA       0.94      0.75      0.84        81
         NAA       0.74      0.74      0.74        84
         NGA       0.97      0.79      0.87        84
          PA       0.81      0.98      0.88        81
         PHA       0.98      0.96      0.97        84
          RA       0.84      0.74      0.78        84
          TA       0.96      0.87      0.91        84
         TAA       0.72      0.92      0.81        84
         THA       0.96      0.94      0.95        84
        THAA       0.92      0.81      0.86        84
         TRA       0.88      0.86      0.87        84
       T_SHA       0.81      0.90      0.85        84
          WA       0.92      0.99      0.95        84
          YA       0.84      0.88      0.86        81
         YAN       0.86      0.71      0.78        84

    accuracy                           0.81      2994
   macro avg       0.82      0.81      0.81      2994
weighted avg       0.82      0.81      0.81      2994


Mean AP  (mAP): 0.8831
Mean AUC (ROC): 0.9934
