ConstrainedViViT — Classification Report
══════════════════════════════════════════════════════════════════════════════

              precision    recall  f1-score   support

          BA       0.33      0.54      0.41        84
         BHA       0.46      0.36      0.40        84
         CHA       0.57      0.56      0.57        84
        CHHA       0.47      0.29      0.36        84
          DA       0.56      0.67      0.61        84
         DAA       0.74      0.63      0.68        84
         DHA       0.68      0.58      0.63        84
        DHAA       0.53      0.71      0.61        84
       D_SHA       0.55      0.22      0.31        78
          GA       0.65      0.75      0.70        81
         GHA       0.64      0.99      0.78        84
         GYA       0.87      0.79      0.82        84
          HA       0.55      0.70      0.61        84
          JA       0.75      0.56      0.64        84
         JHA       0.69      0.58      0.63        84
          KA       0.77      0.63      0.69        81
         KHA       0.69      0.69      0.69        84
        KSHA       0.89      0.62      0.73        78
          LA       0.76      0.51      0.61        81
          MA       0.32      0.51      0.40        84
       M_SHA       0.86      0.43      0.57        84
          NA       0.67      0.56      0.61        81
         NAA       0.51      0.56      0.53        84
         NGA       0.70      0.64      0.67        84
          PA       0.90      0.85      0.87        81
         PHA       0.65      0.70      0.67        84
          RA       0.72      0.37      0.49        84
          TA       0.78      0.87      0.82        84
         TAA       0.69      0.82      0.75        84
         THA       0.84      0.90      0.87        84
        THAA       0.84      0.77      0.81        84
         TRA       0.85      0.90      0.88        84
       T_SHA       0.53      0.67      0.59        84
          WA       0.75      0.81      0.78        84
          YA       0.56      0.79      0.65        81
         YAN       0.76      0.79      0.77        84

    accuracy                           0.65      2994
   macro avg       0.67      0.65      0.64      2994
weighted avg       0.67      0.65      0.64      2994

mAP  : 0.7477
mAUC : 0.9830
