CLASSIFICATION REPORT - VideoMAE
================================================================================

              precision    recall  f1-score   support

          BA       0.99      1.00      0.99        84
         BHA       0.98      1.00      0.99        83
         CHA       0.98      0.98      0.98        84
        CHHA       1.00      0.99      0.99        84
          DA       1.00      1.00      1.00        84
         DAA       1.00      0.84      0.91        81
         DHA       0.98      0.95      0.96        84
        DHAA       0.94      0.96      0.95        84
       D_SHA       1.00      0.96      0.98        78
          GA       0.84      0.99      0.91        81
         GHA       0.98      1.00      0.99        84
         GYA       0.99      0.98      0.98        84
          HA       0.96      0.98      0.97        84
          JA       1.00      0.99      0.99        84
         JHA       0.99      0.98      0.98        84
          KA       0.99      0.98      0.98        81
         KHA       0.93      0.95      0.94        84
        KSHA       0.99      0.94      0.96        78
          LA       0.97      0.95      0.96        81
          MA       1.00      0.99      0.99        84
       M_SHA       0.98      0.96      0.97        84
          NA       1.00      0.90      0.95        81
         NAA       0.87      1.00      0.93        84
         NGA       0.99      1.00      0.99        84
          PA       0.99      0.99      0.99        81
         PHA       1.00      0.99      0.99        84
          RA       1.00      0.98      0.99        84
          TA       0.99      1.00      0.99        84
         TAA       0.99      1.00      0.99        84
         THA       0.98      0.99      0.98        84
        THAA       0.96      0.98      0.97        84
         TRA       0.98      0.95      0.96        84
       T_SHA       0.97      1.00      0.98        84
          WA       0.99      0.99      0.99        84
          YA       1.00      0.99      0.99        81
         YAN       0.98      0.98      0.98        84

    accuracy                           0.97      2990
   macro avg       0.98      0.97      0.97      2990
weighted avg       0.98      0.97      0.97      2990


Mean Average Precision (mAP): 0.9947
Mean AUC (ROC): 0.9998
