CLASSIFICATION REPORT - MOTION TRANSFORMER
================================================================================

              precision    recall  f1-score   support

          BA       0.89      0.83      0.86        84
         BHA       0.81      0.64      0.72        84
         CHA       0.90      0.89      0.90        84
        CHHA       0.89      0.98      0.93        84
          DA       0.89      0.93      0.91        84
         DAA       0.88      0.82      0.85        84
         DHA       0.91      0.96      0.94        84
        DHAA       0.93      0.88      0.90        84
       D_SHA       0.82      0.92      0.87        78
          GA       0.96      0.96      0.96        81
         GHA       0.89      0.95      0.92        84
         GYA       0.92      0.98      0.95        84
          HA       0.89      0.88      0.89        84
          JA       0.90      0.90      0.90        84
         JHA       0.88      0.92      0.90        84
          KA       0.90      0.94      0.92        81
         KHA       0.95      0.95      0.95        84
        KSHA       0.85      0.82      0.84        78
          LA       0.84      0.98      0.90        81
          MA       0.77      0.92      0.84        84
       M_SHA       0.82      0.89      0.86        84
          NA       0.92      0.94      0.93        81
         NAA       0.90      0.77      0.83        84
         NGA       0.93      0.94      0.93        84
          PA       0.89      0.84      0.87        81
         PHA       0.94      0.93      0.93        84
          RA       0.86      0.70      0.77        84
          TA       0.89      0.85      0.87        84
         TAA       0.74      0.86      0.80        84
         THA       0.83      0.83      0.83        84
        THAA       0.86      0.81      0.83        84
         TRA       0.84      0.77      0.81        84
       T_SHA       0.79      0.90      0.84        84
          WA       0.93      0.77      0.84        84
          YA       0.89      0.86      0.88        81
         YAN       0.95      0.87      0.91        84

    accuracy                           0.88      2994
   macro avg       0.88      0.88      0.88      2994
weighted avg       0.88      0.88      0.88      2994


Mean Average Precision (mAP): 0.9411
Mean AUC (ROC): 0.9961
