CLASSIFICATION REPORT - VideoMAE
================================================================================

              precision    recall  f1-score   support

          BA       0.93      0.89      0.91        84
         BHA       0.99      0.90      0.94        84
         CHA       0.98      0.95      0.96        84
        CHHA       0.94      1.00      0.97        84
          DA       0.98      0.99      0.98        84
         DAA       0.99      0.94      0.96        84
         DHA       0.93      0.93      0.93        84
        DHAA       0.70      0.62      0.66        84
       D_SHA       1.00      0.95      0.97        78
          GA       0.90      0.91      0.91        81
         GHA       0.72      0.74      0.73        84
         GYA       0.99      0.93      0.96        84
          HA       0.88      1.00      0.93        84
          JA       0.97      0.99      0.98        84
         JHA       0.95      0.98      0.96        84
          KA       0.91      0.99      0.95        81
         KHA       0.95      0.86      0.90        84
        KSHA       0.95      0.95      0.95        78
          LA       0.98      0.99      0.98        81
          MA       0.89      0.94      0.91        84
       M_SHA       0.94      0.98      0.96        84
          NA       0.95      0.95      0.95        81
         NAA       0.91      0.87      0.89        84
         NGA       0.93      0.99      0.96        84
          PA       0.99      1.00      0.99        81
         PHA       0.98      1.00      0.99        84
          RA       0.93      1.00      0.97        84
          TA       0.93      0.99      0.96        84
         TAA       0.98      0.96      0.97        84
         THA       0.99      0.95      0.97        84
        THAA       0.99      0.95      0.97        84
         TRA       0.96      0.96      0.96        84
       T_SHA       0.97      0.88      0.93        84
          WA       1.00      0.93      0.96        84
          YA       0.91      0.99      0.95        81
         YAN       0.95      0.96      0.96        84

    accuracy                           0.94      2994
   macro avg       0.94      0.94      0.94      2994
weighted avg       0.94      0.94      0.94      2994


Mean Average Precision (mAP): 0.9795
Mean AUC (ROC): 0.9993
